$ANSIBLE_VAULT;1.1;AES256
39623834386338653035373165373334643561633830663765666534306165356465303039383231
6361376163353632313861376631633937343533616664360a373663623539623936313639386166
36613261666663623436626363626561616330336432366165336533613665656635366236393062
6438613535633266630a613166633666383565666539313563643036613736636163326139363334
36653731336234643836643737643838363065356336353231316366643735643539373539333030
61666666626234363834393165666662383165633862306563613732393061396137363366396534
31366633643162643533326531323466643162616362646665343734343731383965326532393566
66323934653735636636386337636535303663313732623761336563333839303334353736333830
34336138646264333761653636323361623464326537653366393866663437646462626139653661
63366237353330366464653432616235363239356261623564646161383464356335656364633036
30356430333165663866343030353035326336333833636165353038623834626633323763356464
36336237326137343433653839353866386233373731643038323230353830633835356135303962
64333439306366353463303330323166626332336465376139393137363462663164313063376365
33363134383666316565616463393865323932353363373139396431623939626262653862383632
62383864343763643163333630353739316139383830363933333735353336386161386135366539
63626561656632316538386564323638343734643535666539366238633364313930326534363361
66623937313738343533353832646338656135343333396230666131396365353333333432626137
61343237613062393162646536323832343133383562303361666636663766343163303866383335
38356566623065336231386138383733663833663465633935353830323937356362393931613032
64313939663533643163316236643532656135343465376636316134353166346463636636616536
39373839376533306433353231656138373534303434626630663030663834343761323434663161
39376338643934613436623465346561353464396466666465366635636161313039633437643263
38313464653165356637623666393335333132616232343036316238303639363466616638653163
65613635636266333564613733333463616237336163363232336439633935643239303434326531
39653036626366633362343135656466383565613861643430326365316262333963356436303563
6264306434373637646362613232373564353735316634316333
