$ANSIBLE_VAULT;1.1;AES256
36646661626430363734383530383130393634336634303537613163633461613863363064386637
6330346563333831366135643661646537616430343839650a373465666133376236633332623233
65366533316461323465623131316432386632633831343531663430313830643864393032326533
3765616564343939610a616135623966613965326633613361643032616139633934663961303765
30373363323437326434333963643538663134616337623131323734333636353030383633373036
61326533633063356662316161346137663466636136613765623135366139336161326232383166
37383063333064373134633938653231663930376362633132343564663463383161636634396137
65316139303332333433353034643331363330306232313466653238626532663862306133636338
34326338386231643136636437633538323736626136366235656239313265366537306138626364
30363362623132346230383166336333336266633363326135323433643139326538386230616637
30633665653635663361376530613266336465356662663835393538633330353639313030373066
63363230373239656666383833366539396466326564373764633230636637303235663365373963
64353762646239323035626331303333366434353134656132396164383862643534323163656435
63306434626162383837333432393136333133633230656630383565383965653434343837616365
66333336356135623734303237663932363232616537393665303736323535656562643664653266
39373533366536303066326364336466353435653332666638376565306161376263386236666634
36333239323463623562316438303163636562363962383431643535633035666465306462333535
63643131303534333837616339616366306435393834363032346431303761623737326236343339
64336162656339356261633166316639366265353462363831636235623363626232383237626131
65653764363631333739336337326165616330323834353438633463323734333634383566643562
34653366356566353932646463303661346138393061353337386336613938636364393061363739
37313736636461343665646130636136666636383236646530636533353034303136343430303862
65353732643431663635383863613033306462653963356236613663633439393338663431376338
65363665363262346566396130613661643839353865313437386333623162366138346135303766
33386138653539333438663261663862666136313561653431613734666133363063376135366538
64323462623231656233626233336630373833616536643062333264626663636138323936343537
62363831396262663736363734333932613237313630613430653634393135656331373236623337
38656262306337336165
