$ANSIBLE_VAULT;1.1;AES256
39646362613439373730353866613233623366616439363737313539383932643830393932306334
6462663835373635346163656130376538353734353865330a613132623364313632636430623665
33333836633730303939383436383466386536313533663334363333613232353732396139363934
6432613535373362390a383236633632656238303333393564663136323537323333373066316630
32623239383138306535306139643063636265636563663961336437323761386561646131623361
32386434656433323361383838386339626636353165626334343339316336343634653265633762
34303434346463363630656263326465393732316266613735653166313561363263366135303739
65646530646465393234623963636432323936373336373735356538343664613465376166663730
31633566366564346465613634623361356662376532326366613830636136393732353965653036
61313832326237656134393163396366643430653539323139383633353362313732386231383239
65633036653438613461343839633830343464633834333337373832306334343632336139653461
65623565656461613432653361623665303933386439316364333034333462656633336330316263
36326538663036646263363565346336653738666235343832353062656264373361333837303137
62626433313537343334373264383831633365633131316664373835303862663361313333326562
66346365383337363434613533326133383331633739326132643465346336643933393866646331
35353066326461366133313236366438306638343330326363636164316461393237613561643566
34313538613166323237353137363030343764666537396437353735386331376337616533666136
33303761313161663038353065623235373031313439626363613665386234326365383363376139
32666131323033633338386433643939336266393339336234613364353565353765666438353535
33656537326536386164393837316133653838396261363161336565363638633931393039346339
36373933666561366336383432653931653135383461636136336634653434643234333862356663
36633661336138323163366162303265363565323937313761373363383238623139663538333730
37386562363166626266366332343165383038303837636436303135336132643834653435306637
63636461326435633531303437306565316532663666333232393631393039386234396138313934
33643835646365393133303532636133323339643439303637633530613934373131363465313465
65643430306234376534353937623261306563613936326334326236393031356663353332363334
63396263363230343133303230326463386230303437643365623932376231383930323631313533
35633066643366303066663131653431353035646466356332316261633562373230666538336164
35636264373062303839326161343638636133313333653333373461383334383038626438636334
39656531313530373437653030306238643164366235616236623738303639396261316133366231
63323061616466623562626365353632306530633264613833663337373333313331323264303165
38363435303133633463333237343263663363363237383030323963363564636130303937653530
32613461633039313732383931653231393233306530313831323935366435366135326132356534
62373331633130623362373239366332316665343664333433366364373364343634366433326634
33653766383531383432636364663266646637636633646435386439376463383964333139386133
32666263633037616336633835393166333937393932323364633539373062303865383263623033
39363538306235363034386130646634393632366262613765623766393365363436653266386433
66646664363836353939633235323065616335636638613632663962646635336463363036343637
37366130376361353566623932373733303635333833306164656562336533663432333038323066
33313063326235666534613734323435336630356630356436313739363931316635353663653035
61323865393631623966633634643534316461633238623265366536663035623838666266393065
31393937653437663532363635373638306666636261303439616165623166326665343635636632
64366262333234313662646162383661393539343832343432373930383039663466656562373662
63306131346264356434663031346262376132653632663662633831663734356163313831653436
63313337386237313535316339633032616564323438346564613062613331363765636633343265
64626638333333313339643864353063376438393933636233303834303931636535636637353530
34623462653966313030363234303035316161613736316462326136623464613838363663623131
33626366333730656537653262313964626565663537616638353230303862666639356466336663
32333862633339356230376338653032376239333434623631313839353161643531313866623136
32373133303964326464616334356632393266653264313832613238323931636661376136636262
64626233376433656537633033383531663462306235393137663233623438326265343261303762
31343862386661626138393837353063316162333164633039366265616230663764653533386536
32653166636431353363363766663033386238356230313461316434656431366233336564643461
66303234643864363833336236393135313536393066333962313062656534336364623439323037
61336236303931363061666365633661336661366432306565343466383233646437393461653565
37396336343664666638333262346132366434383564373265643533356165613661393865666133
33666362326534343361336365356337636463633536623333326265323938316562353939623534
32303533393933303162363766653132663162313235633262386431383330663765316334386131
64643261393833373065353039636366636333316536313965623239313534656531616432316361
61343561346665373236396364336365373031353463306665636630326435376230616539353836
64323764353864396137616361363061303930373262646438653431303562623961323764626536
33616264323432663866373563656465643732616162646337613761656465396236646439383864
31363931373063646662343531303338613764363933373063306264613035346362366233356662
30373162666631353437353530656432323731303230626665353861303033333362653430336333
63323735653035613931396165396131663032383236386666303664663733393062613039303535
39393939323566383930313361366265346236346537333661343234353865336631376539363435
37353235363361393933633166363961323830636532666631633364353132323738303566313835
36303731306166363335326335333830376563333766646162396137383065633034303435326538
61633561363663656130343962326265393030323539656530613730613465376364366639353364
61623335633332656265323139383030653736626461623435363339313839646438363334626564
64316132336463363133336233353265366431356430346538356261656139633965633937343530
33386238386661363031626238333534336434663638323638636461376533363838303837336166
32396666353937386231623764626463303331396436653034653334303036323038383363353732
34386130303331653834643437346330303565666165376337376537626236326262343066316161
61636635306637353838373434623535366664386563373230376462623236376566366233366530
39653064633730623733386464613561393537306463363832653933343330616630626638333834
64303863633566396430623339383133306161386236326539663163643466636631663635393939
37323739366537346136356537326333623663303239366335343363383933373832333935373436
38376133396137373866663464643437363139363864343161326431653636373239356232626663
65373562653330333833373038643835613832366165353764316131666463333437663833306638
35616366636431653738373935626466353563373662313866616534303563323164666332313434
62656632323830373032303931393063666438616661393330343166373033616564633162363935
63343033386137643863623733323263333033333631313737393262333861343338663232616534
65303732373237373461626433326630336230393435306639626163663337636266373763326566
31616661303935343833656633333930386236366639653063303730396132653439363130333032
39316232613632303337383533326339303766303531323966333738373862303864643264623235
30316565313134323935346463336630303132633061353834306132373635643762383030376136
65346239663566653230316165373332316632316635333533623937333939643964616333633466
33316161613731613333636461303163633863393934653330313135643665303139656337613134
35323739653230353465326535326661323565323631623834343139656531373830633533386236
34383234373161653361653136363637383365336430663763633063656362636137613135613335
63346136646163383536313736393964663938306333383733326136386631666465613936613234
63333433393937333662633265653632306636303461393932656564363937363064613132383831
65376563313533663066326465646438376263343937376663333438333638366234653334313530
63623066303239636231363861623563333336396265343164373963333634303136653734663732
65393330353332633963316262303536643031393932656337316134363031313966326266636338
37323030656638643732636235373764643230313162356339346166666264323436373038306465
61633065623332383062653364313133326163396561366339346361656636323037323364323432
31363437616535633433383261303762346537356165656334643965333635383163623136386436
38643033356662666234363235343666613761613162376536353966396435393632623063386266
30613661323132656238336662643661333034653736643733353334383363643831626637303038
35323639313965633435316638303337323935623737393535363038366638363962316564353763
64333239326230346330396235353837396631653165323536303131613664613732643537306463
33633030303634366436653139373335353263616434306232343230313165346463353534343236
65623132343332376332343439366366656430633162366138346632313135613232623164353964
37663665313263313838303533373166383761353830316465313538656431333334303339313035
61336439633365336335306530303132616639333365323762326536633363386638653163653932
34383766343739326330303135626438646631623238383137393963663363306639366536363339
33616364633637313162323535623964346630356138313234353161346431633037333366306266
31323261373566626232396133313462666363633866326566383830633935626136663538653962
31653731656166623630656364323664666662636139663931303230663361633962303234666663
35346164313166623634653966353936353531363666343462373937623935346337616534333030
38326132653861646162633136373537616464666463383132333965626536376631666265663464
31383034373837373764363038313666353161623361303038303162336464646333343862333361
61666164373764353439386366623966323733386336353134363264373337343032663032383264
61366563363433346132313335626230666362636332646164383765386339653934663435316366
30333438616138636436373738356330656237316166346533393234353737626134626437623763
34616464306632633430643933393066336462336530333563626632356166343232373964626236
31636361653838386461653030363466653438626231353939373562326366646636393662393234
37336234386138356238323539393336343430653363323665306637383661376531643661343236
66346233353361313932393161353938663536303361666563363066636131653338626433376664
32313363353630303863313534346538323934666237363066663532626663326662396632616266
31366430616634643561326461626438333436393265383333333765313966636665386664653535
38383830313564333339653938653037386230343262643134373764336462663335633030323139
33326266306231396235323332313238383666343463313666633732383539653538346431623035
34623564303263323533306330623536623537333638613566393466643864643563373362336234
35326233356362363534643634623732326234323433666162393362636264663338323536366162
61666435313362613663356639646539663866326532303264646133306239366363366266346530
66646434313732393931656339333530376336666565623562303939353933343165343331333831
33636634313939356265306431343938376362316238343732386637373035393066663439353835
65666361653264303164656438336638633664646565393262336231383766653234303535613337
65363363303134343437383934626433633633373866313965353735346265623635326331363564
38353963323065646138396437303265336435663332613333613731393136363366303330663730
62333530643362646163626235653036663333346361663037616166303763393130393166376338
35326332343334653438303466663239363133396462646235306138623435303865353638613661
32366364376162383136626532656638643465373336396161643735653837326465303831346338
32353531633362616431653133373939396134646133373937623963393863613533393036326361
39653465383961623930643731353737656435343235316437373961613332653135346465386265
30613632663635316164356138336263386562356131643865613132346631313336646435393338
66616662363932326237336137336132623137643837636562326238396530626565393038343534
61346137333265386461376435393264653832326366336136636531656461633434306633303461
35623036346233313238336565326261633364313463643639353934613338346664356132303132
63346331306235353362363932356634663439303162653531326233623664306132363061363966
37303832323932656431663663373261643965653736336466356362323038376636326338316634
61396264636562373863353463306638316664313934303031326132336162663261353564646231
64623966326361356433326139386364333632646664666134323361636530336262353932386232
64393438386437363134346331346130636262346166316630653330393032366438356663656662
34323434323837613733353161643165356166373365356536653133653466333363646564376634
31626265386331623234363539393164623665326665653335336361373530393133666465356430
62656536623039363737353466333036333836623762383139643161333763656262326134333039
65383965613763316439383933613238346338666230613964636236366163653663346163366162
35663233636165353331336264643763623936623835653430393733393230313465356535313565
37356535373436633966623633613364393635326532353566366261303431316133656164363365
61663762643839616461376638356331323634363534313063343431646437313639363936313036
65633138626535376466316263393439383566376139393165393133393465316465353639336330
61383763383338303536663236366665363131643835373338353763363432323031383837636461
36373330626234393036313364346534623361613334366237396331333161646561353434373063
66623537633230646235313330613863336661316136376432343839323264386564336430666539
32633962303966303935643734653638336132323532393563383833386665616231653134316233
62313063396365343434306235383166613031646132336533366132613338303632326339323566
36313262376162626432303133383664663563343734373765613332333433383263373462643364
34653234306231356665303361363963663236623031343666363936363061633335383035386264
37643338666438353534333561663363373662343032396138616563643238663163353139633436
39333462303931633330373064356463633530366338616633356134663761333537393334316138
30363032376661333539373731633862663438313934623066393332316239386663643466326436
30623036663235333439356233646362323864636664633236633532333434383530353263316536
39636235343634376530326564333139326438613430656134356665346435323931393161666133
61663365346532303036343331326331633433393866383265373238356663616635653933306138
33383862313266356132653737396639386437356337393735303737386131333464316635303632
62343733333439386133666139306339613063653865666566353761343437306662656465343138
65373861353636373333353232616365393135613466613665613132353961636130376639653166
37333066373162336130333737343331633630613762333331343134653637613736626135353737
63636563613266623166303066393864316165316564346461303331316332613062313166363133
61343265366139396630623832326262643036343866303530356631623965356366306638306563
63313839373965636130313338636430663639386132663366626536643533323833636537333134
31343861656332396362
