$ANSIBLE_VAULT;1.1;AES256
31323832636539643033653861396336316330643163313435613830613365353563616435393231
3463363833613366636434633435663231383933663563660a346135333166643766343839623661
35376433313161373664303439333838666165646361326565633630316162373032366633616136
6336633761316263390a373734336538613232323664633361323862656536666661653536373263
65373139343130383766636235636365303337343061396363333430613434613730386466633662
63636566383361393636656665356530396438663130633363366535656666326566646261336637
31643938623231306361373134346264303830313237663864646166343037346230643331383065
37613135346634633165363736643135346166636562343563393438393039663164656637336562
64656662633632353336313665363866323838383333346466376431306363383362383562353737
66303763636539356264656533376438353333326438363932333535386366386139343633383639
30313865336264363535363134616662363338373339353061643731643334373131383038363464
32393130613435333831646634343433316666646131363762393466316135653561613462656265
31633437333738346163623630396362393031393733663333663261333565313961343363616464
38366131663630633532366439393432613233393566653436303234336233343838373264313132
65336432343837333232343531616266343265336163663139363238343234313465383566396631
65343562313466396330373831333065373435323039616562363264393036343439306133363332
64336434636266323133376235353564663036663662666435626438633138653962316136343366
34616537666161373632343835366132366432666366343166353864313431303062333638623366
63643736643934316234613830343361373366333438303430643063396637646431616666643462
39363864616433666437386436346339336463646333643336633638666366343231663664386330
65323435356532353135616133623836393466643964613463383838636164633031613838343930
64333739626666323133356565323966663763643537336364623336303666323238616333343331
61653336613437663433636361393762663338613563653331643839653136316533366130316337
39313933363639636661366231313666323839613133373662663063623136636233626634303863
37653339616661363865373139616165363630626534646531393464663637613466343361306330
66646266613437663361333635306266656638613436373733346336383330373763393831653931
36346230646534346537353339623266653037393533623437663263353762366136346134343733
64326639343134616537
