$ANSIBLE_VAULT;1.1;AES256
35346464643463336431363561636265363432313830646562393238613337623665653434633530
3936636137333337376636393365643332666135323338360a653537623262656162656662353233
37376639393936346232353364396133653761333531336462613962653862666336313936393962
3938333231653164360a636530366339363438663762646662383138666536363335313266373233
63656466646431666631393861623962653637626664653431383461613231346133356537363761
32316537366231666433303965613130363439316436386139333066326632326134633233343565
30356437373430373539373038646339666666393562393532656261393234633963626431323664
30313637303661646130366634623537663863383366663764633934383964666462386564376466
30323132616331636533346564353064353337666231326166613161613130303663346431643439
62346133613132386164396531306164333838323732613134393965646433663835383037623830
38326631303733303665383166633538333862363037633233663761613131613438333739663061
36613632643039636236643332306633313138316164643566323338663765666238326638353063
65333735623135383966336263666135336139656136656166326163393731376539373066323666
38356464306265343336373766333338333535653937646161356231666166343636353465396635
64393139656432633462326130386238333537653864313936333030376666323833326238613231
35656631663161633634373637306161303331323632326232663762636562306461393364396239
38303763656134613961633933383932306231653139376238316231366539303538633032373764
33313164386336636337653739303032626466333430636331303662303135626563623539336532
64306565653336343139316232313562346336376137386338666163646436336436363762333766
63363237306633633234633366326565336337333336393930616536346333653866326563353137
37643162313434613065333366613238346665656263383238363861613632386162323364643437
37646665353831616261306234376132353764663639333364653539306565653237653463633937
30336630663939653861356136623665313861303138636530306638306239333565656639616133
65663364663931616633343636623065363362323833666466636239386264316230383165323834
30613265333035613335643333363534356631346231666534626363636662313261336233343062
62393133316233626230623765623463366564323433356630353033396332616563376338656532
30393962353531343836303664613063663266373139653964343338613637363831653162356362
61633138346534643164363364613861353339323538333133333562336635393233353464386462
6263
