$ANSIBLE_VAULT;1.1;AES256
35393663396262303965303834396539313437616536396535336531373761326337663363653166
6334666639373230613561363636663164623033656566640a303433343133386232353833306531
37383264313362356533366237376266653134303164353665396633346330346635373234663037
3639633466636362610a316636346566353031333337346464343666356530656339333332663930
66366636633662373166323530383039356666653764383336363563653433306134653333653833
32313134653630653666373064383130316535333761613038383562633734313439626633333134
38373462356435313062383366353035373139326663313337343463313366613634653861373961
34343764323539343666333562306639656466356465626639613763626361366164353663333935
62333330636435353639613139333430383534383136333565393534323664353962633366616536
39366439303636333532306164373036656161636535643032343638346162306662303964363061
63323537633333663764626238386434636261636134663732313135306436306564316634343630
63663333646661393566306263393734393366393531303132656662643731363466646363323266
3537
